halt	0	0 0 0
fcall	2	1 1 0
ret 	3	0 1 0
mov8	256	2 2 8
push8	257	0 1 8
pop8	258	0 1 8
not8	259	1 2 8
and8	260	2 3 8
or8 	261	2 3 8
xor8	262	2 3 8
shl8	263	2 3 8
shr8	264	2 3 8
mov16	272	2 2 16
push16	273	0 1 16
pop16	274	0 1 16
not16	275	1 2 16
and16	276	2 3 16
or16	277	2 3 16
xor16	278	2 3 16
shl16	279	2 3 16
shr16	280	2 3 16
mov32	288	2 2 32
push32	289	0 1 32
pop32	290	0 1 32
not32	291	1 2 32
and32	292	2 3 32
or32	293	2 3 32
xor32	294	2 3 32
shl32	295	2 3 32
shr32	296	2 3 32
mov64	304	2 2 64
push64	305	0 1 64
pop64	306	0 1 64
not64	307	1 2 64
and64	308	2 3 64
or64	309	2 3 64
xor64	310	2 3 64
shl64	311	2 3 64
shr64	312	2 3 64
add8u	320	2 3 8
sub8u	321	2 3 8
mul8u	322	2 3 8
div8u	323	2 3 8
mod8u	324	2 3 8
inc8u	325	1 2 8
dec8u	326	1 2 8
cmp8u	327	2 2 8
add16u	336	2 3 16
sub16u	337	2 3 16
mul16u	338	2 3 16
div16u	339	2 3 16
mod16u	340	2 3 16
inc16u	341	1 2 16
dec16u	342	1 2 16
cmp16u	343	2 2 16
add32u	352	2 3 32
sub32u	353	2 3 32
mul32u	354	2 3 32
div32u	355	2 3 32
mod32u	356	2 3 32
inc32u	357	1 2 32
dec32u	358	1 2 32
cmp32u	359	2 2 32
add64u	368	2 3 64
sub64u	369	2 3 64
mul64u	370	2 3 64
div64u	371	2 3 64
mod64u	372	2 3 64
inc64u	373	1 2 64
dec64u	374	1 2 64
cmp64u	375	2 2 64
add8i	384	2 3 8
sub8i	385	2 3 8
mul8i	386	2 3 8
div8i	387	2 3 8
mod8i	388	2 3 8
inc8i	389	1 2 8
dec8i	390	1 2 8
cmp8i	391	2 2 8
neg8i	392	1 2 8
add16i	400	2 3 16
sub16i	401	2 3 16
mul16i	402	2 3 16
div16i	403	2 3 16
mod16i	404	2 3 16
inc16i	405	1 2 16
dec16i	406	1 2 16
cmp16i	407	2 2 16
neg16i	408	1 2 16
add32i	416	2 3 32
sub32i	417	2 3 32
mul32i	418	2 3 32
div32i	419	2 3 32
mod32i	420	2 3 32
inc32i	421	1 2 32
dec32i	422	1 2 32
cmp32i	423	2 2 32
neg32i	424	1 2 32
add64i	432	2 3 64
sub64i	433	2 3 64
mul64i	434	2 3 64
div64i	435	2 3 64
mod64i	436	2 3 64
inc64i	437	1 2 64
dec64i	438	1 2 64
cmp64i	439	2 2 64
neg64i	440	1 2 64
isa size: 107
